# 3 uncertain rectangular obstacle
19.21 26.406 5.58 8.813 0.99
19.08 26.53 5.84 9.059 0.9857
18.95 26.653 6.1 9.306 0.9799
18.82 26.776 6.36 9.552 0.9723
18.69 26.899 6.621 9.799 0.9623
18.56 27.023 6.881 10.045 0.9497
18.429 27.146 7.141 10.292 0.9338
18.299 27.269 7.401 10.538 0.9143
18.169 27.392 7.661 10.784 0.8908
18.039 27.515 7.922 11.031 0.863
17.909 27.639 8.182 11.277 0.8307
17.779 27.762 8.442 11.524 0.7939
17.649 27.885 8.702 11.77 0.7527
17.519 28.008 8.962 12.017 0.7075
17.389 28.132 9.222 12.263 0.6588
17.259 28.255 9.483 12.51 0.6073
17.129 28.378 9.743 12.756 0.5538
16.998 28.501 10.003 13.003 0.4994
16.868 28.625 10.263 13.249 0.4449
16.738 28.748 10.523 13.496 0.3915
16.608 28.871 10.784 13.742 0.34
16.478 28.994 11.044 13.989 0.2914
16.348 29.118 11.304 14.235 0.2463
16.218 29.241 11.564 14.482 0.2052
16.088 29.364 11.824 14.728 0.1685
15.958 29.487 12.084 14.975 0.1363
15.828 29.611 12.345 15.221 0.1086
15.698 29.734 12.605 15.468 0.0852
15.567 29.857 12.865 15.714 0.0658
15.437 29.98 13.125 15.961 0.05
# 4 uncertain rectangular obstacle
40.094 36.79 3.813 1.58 0.99
39.97 36.92 4.059 1.84 0.9857
39.847 37.05 4.306 2.1 0.9799
39.724 37.18 4.552 2.36 0.9723
39.601 37.31 4.799 2.621 0.9623
39.477 37.44 5.045 2.881 0.9497
39.354 37.571 5.292 3.141 0.9338
39.231 37.701 5.538 3.401 0.9143
39.108 37.831 5.784 3.661 0.8908
38.985 37.961 6.031 3.922 0.863
38.861 38.091 6.277 4.182 0.8307
38.738 38.221 6.524 4.442 0.7939
38.615 38.351 6.77 4.702 0.7527
38.492 38.481 7.017 4.962 0.7075
38.368 38.611 7.263 5.222 0.6588
38.245 38.741 7.51 5.483 0.6073
38.122 38.871 7.756 5.743 0.5538
37.999 39.002 8.003 6.003 0.4994
37.875 39.132 8.249 6.263 0.4449
37.752 39.262 8.496 6.523 0.3915
37.629 39.392 8.742 6.784 0.34
37.506 39.522 8.989 7.044 0.2914
37.382 39.652 9.235 7.304 0.2463
37.259 39.782 9.482 7.564 0.2052
37.136 39.912 9.728 7.824 0.1685
37.013 40.042 9.975 8.084 0.1363
36.889 40.172 10.221 8.345 0.1086
36.766 40.302 10.468 8.605 0.0852
36.643 40.433 10.714 8.865 0.0658
36.52 40.563 10.961 9.125 0.05
# 5 uncertain rectangular obstacle
45.594 23.523 6.813 7.045 0.99
45.47 23.639 7.059 7.278 0.9857
45.347 23.755 7.306 7.511 0.9799
45.224 23.872 7.552 7.744 0.9723
45.101 23.988 7.799 7.976 0.9623
44.977 24.105 8.045 8.209 0.9497
44.854 24.221 8.292 8.442 0.9338
44.731 24.337 8.538 8.675 0.9143
44.608 24.454 8.784 8.908 0.8908
44.485 24.57 9.031 9.14 0.863
44.361 24.687 9.277 9.373 0.8307
44.238 24.803 9.524 9.606 0.7939
44.115 24.919 9.77 9.839 0.7527
43.992 25.036 10.017 10.072 0.7075
43.868 25.152 10.263 10.304 0.6588
43.745 25.269 10.51 10.537 0.6073
43.622 25.385 10.756 10.77 0.5538
43.499 25.501 11.003 11.003 0.4994
43.375 25.618 11.249 11.236 0.4449
43.252 25.734 11.496 11.468 0.3915
43.129 25.851 11.742 11.701 0.34
43.006 25.967 11.989 11.934 0.2914
42.882 26.083 12.235 12.167 0.2463
42.759 26.2 12.482 12.399 0.2052
42.636 26.316 12.728 12.632 0.1685
42.513 26.433 12.975 12.865 0.1363
42.389 26.549 13.221 13.098 0.1086
42.266 26.665 13.468 13.331 0.0852
42.143 26.782 13.714 13.563 0.0658
42.02 26.898 13.961 13.796 0.05
# 7 uncertain rectangular obstacle
8.21 32.023 3.58 2.045 0.99
8.08 32.139 3.84 2.278 0.9857
7.95 32.255 4.1 2.511 0.9799
7.82 32.372 4.36 2.744 0.9723
7.69 32.488 4.621 2.976 0.9623
7.56 32.605 4.881 3.209 0.9497
7.429 32.721 5.141 3.442 0.9338
7.299 32.837 5.401 3.675 0.9143
7.169 32.954 5.661 3.908 0.8908
7.039 33.07 5.922 4.14 0.863
6.909 33.187 6.182 4.373 0.8307
6.779 33.303 6.442 4.606 0.7939
6.649 33.419 6.702 4.839 0.7527
6.519 33.536 6.962 5.072 0.7075
6.389 33.652 7.222 5.304 0.6588
6.259 33.769 7.483 5.537 0.6073
6.129 33.885 7.743 5.77 0.5538
5.998 34.001 8.003 6.003 0.4994
5.868 34.118 8.263 6.236 0.4449
5.738 34.234 8.523 6.468 0.3915
5.608 34.351 8.784 6.701 0.34
5.478 34.467 9.044 6.934 0.2914
5.348 34.583 9.304 7.167 0.2463
5.218 34.7 9.564 7.399 0.2052
5.088 34.816 9.824 7.632 0.1685
4.958 34.933 10.084 7.865 0.1363
4.828 35.049 10.345 8.098 0.1086
4.698 35.165 10.605 8.331 0.0852
4.567 35.282 10.865 8.563 0.0658
4.437 35.398 11.125 8.796 0.05
