# 1 uncertain rectangular obstacle
0.594 7.523 2.813 3.045 0.99
0.47 7.639 3.059 3.278 0.9857
0.347 7.755 3.306 3.511 0.9799
0.224 7.872 3.552 3.744 0.9723
0.101 7.988 3.799 3.976 0.9623
-0.023 8.105 4.045 4.209 0.9497
-0.146 8.221 4.292 4.442 0.9338
-0.269 8.337 4.538 4.675 0.9143
-0.392 8.454 4.784 4.908 0.8908
-0.515 8.57 5.031 5.14 0.863
-0.639 8.687 5.277 5.373 0.8307
-0.762 8.803 5.524 5.606 0.7939
-0.885 8.919 5.77 5.839 0.7527
-1.008 9.036 6.017 6.072 0.7075
-1.132 9.152 6.263 6.304 0.6588
-1.255 9.269 6.51 6.537 0.6073
-1.378 9.385 6.756 6.77 0.5538
-1.501 9.501 7.003 7.003 0.4994
-1.625 9.618 7.249 7.236 0.4449
-1.748 9.734 7.496 7.468 0.3915
-1.871 9.851 7.742 7.701 0.34
-1.994 9.967 7.989 7.934 0.2914
-2.118 10.083 8.235 8.167 0.2463
-2.241 10.2 8.482 8.399 0.2052
-2.364 10.316 8.728 8.632 0.1685
-2.487 10.433 8.975 8.865 0.1363
-2.611 10.549 9.221 9.098 0.1086
-2.734 10.665 9.468 9.331 0.0852
-2.857 10.782 9.714 9.563 0.0658
-2.98 10.898 9.961 9.796 0.05
# 2 uncertain rectangular obstacle
6.477 14.406 5.045 2.813 0.99
6.361 14.53 5.278 3.059 0.9857
6.245 14.653 5.511 3.306 0.9799
6.128 14.776 5.744 3.552 0.9723
6.012 14.899 5.976 3.799 0.9623
5.895 15.023 6.209 4.045 0.9497
5.779 15.146 6.442 4.292 0.9338
5.663 15.269 6.675 4.538 0.9143
5.546 15.392 6.908 4.784 0.8908
5.43 15.515 7.14 5.031 0.863
5.313 15.639 7.373 5.277 0.8307
5.197 15.762 7.606 5.524 0.7939
5.081 15.885 7.839 5.77 0.7527
4.964 16.008 8.072 6.017 0.7075
4.848 16.132 8.304 6.263 0.6588
4.731 16.255 8.537 6.51 0.6073
4.615 16.378 8.77 6.756 0.5538
4.499 16.501 9.003 7.003 0.4994
4.382 16.625 9.236 7.249 0.4449
4.266 16.748 9.468 7.496 0.3915
4.149 16.871 9.701 7.742 0.34
4.033 16.994 9.934 7.989 0.2914
3.917 17.118 10.167 8.235 0.2463
3.8 17.241 10.399 8.482 0.2052
3.684 17.364 10.632 8.728 0.1685
3.567 17.487 10.865 8.975 0.1363
3.451 17.611 11.098 9.221 0.1086
3.335 17.734 11.331 9.468 0.0852
3.218 17.857 11.563 9.714 0.0658
3.102 17.98 11.796 9.961 0.05
# 3 uncertain rectangular obstacle
19.21 26.406 5.58 8.813 0.99
19.08 26.53 5.84 9.059 0.9857
18.95 26.653 6.1 9.306 0.9799
18.82 26.776 6.36 9.552 0.9723
18.69 26.899 6.621 9.799 0.9623
18.56 27.023 6.881 10.045 0.9497
18.429 27.146 7.141 10.292 0.9338
18.299 27.269 7.401 10.538 0.9143
18.169 27.392 7.661 10.784 0.8908
18.039 27.515 7.922 11.031 0.863
17.909 27.639 8.182 11.277 0.8307
17.779 27.762 8.442 11.524 0.7939
17.649 27.885 8.702 11.77 0.7527
17.519 28.008 8.962 12.017 0.7075
17.389 28.132 9.222 12.263 0.6588
17.259 28.255 9.483 12.51 0.6073
17.129 28.378 9.743 12.756 0.5538
16.998 28.501 10.003 13.003 0.4994
16.868 28.625 10.263 13.249 0.4449
16.738 28.748 10.523 13.496 0.3915
16.608 28.871 10.784 13.742 0.34
16.478 28.994 11.044 13.989 0.2914
16.348 29.118 11.304 14.235 0.2463
16.218 29.241 11.564 14.482 0.2052
16.088 29.364 11.824 14.728 0.1685
15.958 29.487 12.084 14.975 0.1363
15.828 29.611 12.345 15.221 0.1086
15.698 29.734 12.605 15.468 0.0852
15.567 29.857 12.865 15.714 0.0658
15.437 29.98 13.125 15.961 0.05
# 4 uncertain rectangular obstacle
40.094 36.79 3.813 1.58 0.99
39.97 36.92 4.059 1.84 0.9857
39.847 37.05 4.306 2.1 0.9799
39.724 37.18 4.552 2.36 0.9723
39.601 37.31 4.799 2.621 0.9623
39.477 37.44 5.045 2.881 0.9497
39.354 37.571 5.292 3.141 0.9338
39.231 37.701 5.538 3.401 0.9143
39.108 37.831 5.784 3.661 0.8908
38.985 37.961 6.031 3.922 0.863
38.861 38.091 6.277 4.182 0.8307
38.738 38.221 6.524 4.442 0.7939
38.615 38.351 6.77 4.702 0.7527
38.492 38.481 7.017 4.962 0.7075
38.368 38.611 7.263 5.222 0.6588
38.245 38.741 7.51 5.483 0.6073
38.122 38.871 7.756 5.743 0.5538
37.999 39.002 8.003 6.003 0.4994
37.875 39.132 8.249 6.263 0.4449
37.752 39.262 8.496 6.523 0.3915
37.629 39.392 8.742 6.784 0.34
37.506 39.522 8.989 7.044 0.2914
37.382 39.652 9.235 7.304 0.2463
37.259 39.782 9.482 7.564 0.2052
37.136 39.912 9.728 7.824 0.1685
37.013 40.042 9.975 8.084 0.1363
36.889 40.172 10.221 8.345 0.1086
36.766 40.302 10.468 8.605 0.0852
36.643 40.433 10.714 8.865 0.0658
36.52 40.563 10.961 9.125 0.05
# 5 uncertain rectangular obstacle
45.594 23.523 6.813 7.045 0.99
45.47 23.639 7.059 7.278 0.9857
45.347 23.755 7.306 7.511 0.9799
45.224 23.872 7.552 7.744 0.9723
45.101 23.988 7.799 7.976 0.9623
44.977 24.105 8.045 8.209 0.9497
44.854 24.221 8.292 8.442 0.9338
44.731 24.337 8.538 8.675 0.9143
44.608 24.454 8.784 8.908 0.8908
44.485 24.57 9.031 9.14 0.863
44.361 24.687 9.277 9.373 0.8307
44.238 24.803 9.524 9.606 0.7939
44.115 24.919 9.77 9.839 0.7527
43.992 25.036 10.017 10.072 0.7075
43.868 25.152 10.263 10.304 0.6588
43.745 25.269 10.51 10.537 0.6073
43.622 25.385 10.756 10.77 0.5538
43.499 25.501 11.003 11.003 0.4994
43.375 25.618 11.249 11.236 0.4449
43.252 25.734 11.496 11.468 0.3915
43.129 25.851 11.742 11.701 0.34
43.006 25.967 11.989 11.934 0.2914
42.882 26.083 12.235 12.167 0.2463
42.759 26.2 12.482 12.399 0.2052
42.636 26.316 12.728 12.632 0.1685
42.513 26.433 12.975 12.865 0.1363
42.389 26.549 13.221 13.098 0.1086
42.266 26.665 13.468 13.331 0.0852
42.143 26.782 13.714 13.563 0.0658
42.02 26.898 13.961 13.796 0.05
# 6 uncertain rectangular obstacle
31.594 30.406 6.813 6.813 0.99
31.47 30.53 7.059 7.059 0.9857
31.347 30.653 7.306 7.306 0.9799
31.224 30.776 7.552 7.552 0.9723
31.101 30.899 7.799 7.799 0.9623
30.977 31.023 8.045 8.045 0.9497
30.854 31.146 8.292 8.292 0.9338
30.731 31.269 8.538 8.538 0.9143
30.608 31.392 8.784 8.784 0.8908
30.485 31.515 9.031 9.031 0.863
30.361 31.639 9.277 9.277 0.8307
30.238 31.762 9.524 9.524 0.7939
30.115 31.885 9.77 9.77 0.7527
29.992 32.008 10.017 10.017 0.7075
29.868 32.132 10.263 10.263 0.6588
29.745 32.255 10.51 10.51 0.6073
29.622 32.378 10.756 10.756 0.5538
29.499 32.501 11.003 11.003 0.4994
29.375 32.625 11.249 11.249 0.4449
29.252 32.748 11.496 11.496 0.3915
29.129 32.871 11.742 11.742 0.34
29.006 32.994 11.989 11.989 0.2914
28.882 33.118 12.235 12.235 0.2463
28.759 33.241 12.482 12.482 0.2052
28.636 33.364 12.728 12.728 0.1685
28.513 33.487 12.975 12.975 0.1363
28.389 33.611 13.221 13.221 0.1086
28.266 33.734 13.468 13.468 0.0852
28.143 33.857 13.714 13.714 0.0658
28.02 33.98 13.961 13.961 0.05
# 7 uncertain rectangular obstacle
8.21 32.023 3.58 2.045 0.99
8.08 32.139 3.84 2.278 0.9857
7.95 32.255 4.1 2.511 0.9799
7.82 32.372 4.36 2.744 0.9723
7.69 32.488 4.621 2.976 0.9623
7.56 32.605 4.881 3.209 0.9497
7.429 32.721 5.141 3.442 0.9338
7.299 32.837 5.401 3.675 0.9143
7.169 32.954 5.661 3.908 0.8908
7.039 33.07 5.922 4.14 0.863
6.909 33.187 6.182 4.373 0.8307
6.779 33.303 6.442 4.606 0.7939
6.649 33.419 6.702 4.839 0.7527
6.519 33.536 6.962 5.072 0.7075
6.389 33.652 7.222 5.304 0.6588
6.259 33.769 7.483 5.537 0.6073
6.129 33.885 7.743 5.77 0.5538
5.998 34.001 8.003 6.003 0.4994
5.868 34.118 8.263 6.236 0.4449
5.738 34.234 8.523 6.468 0.3915
5.608 34.351 8.784 6.701 0.34
5.478 34.467 9.044 6.934 0.2914
5.348 34.583 9.304 7.167 0.2463
5.218 34.7 9.564 7.399 0.2052
5.088 34.816 9.824 7.632 0.1685
4.958 34.933 10.084 7.865 0.1363
4.828 35.049 10.345 8.098 0.1086
4.698 35.165 10.605 8.331 0.0852
4.567 35.282 10.865 8.563 0.0658
4.437 35.398 11.125 8.796 0.05
# 8 uncertain rectangular obstacle
28.652 11.464 2.696 2.929 0.99
28.525 11.584 2.95 3.169 0.9857
28.399 11.704 3.203 3.408 0.9799
28.272 11.824 3.456 3.648 0.9723
28.145 11.944 3.71 3.887 0.9623
28.019 12.064 3.963 4.127 0.9497
27.892 12.183 4.216 4.367 0.9338
27.765 12.303 4.47 4.606 0.9143
27.639 12.423 4.723 4.846 0.8908
27.512 12.543 4.976 5.086 0.863
27.385 12.663 5.23 5.325 0.8307
27.259 12.782 5.483 5.565 0.7939
27.132 12.902 5.736 5.805 0.7527
27.005 13.022 5.99 6.044 0.7075
26.879 13.142 6.243 6.284 0.6588
26.752 13.262 6.496 6.524 0.6073
26.625 13.382 6.75 6.763 0.5538
26.499 13.501 7.003 7.003 0.4994
26.372 13.621 7.256 7.242 0.4449
26.245 13.741 7.51 7.482 0.3915
26.119 13.861 7.763 7.722 0.34
25.992 13.981 8.016 7.961 0.2914
25.865 14.101 8.27 8.201 0.2463
25.739 14.22 8.523 8.441 0.2052
25.612 14.34 8.776 8.68 0.1685
25.485 14.46 9.03 8.92 0.1363
25.359 14.58 9.283 9.16 0.1086
25.232 14.7 9.536 9.399 0.0852
25.105 14.819 9.79 9.639 0.0658
24.979 14.939 10.043 9.878 0.05
# 9 uncertain rectangular obstacle
-5.337 44.221 64.674 -1.559 0.99
-5.405 44.296 64.811 -1.408 0.9857
-5.474 44.371 64.948 -1.258 0.9799
-5.542 44.446 65.084 -1.107 0.9723
-5.611 44.522 65.221 -0.956 0.9623
-5.679 44.597 65.358 -0.806 0.9497
-5.748 44.672 65.495 -0.655 0.9338
-5.816 44.748 65.632 -0.505 0.9143
-5.885 44.823 65.769 -0.354 0.8908
-5.953 44.898 65.906 -0.203 0.863
-6.022 44.974 66.043 -0.053 0.8307
-6.09 45.049 66.18 0.098 0.7939
-6.158 45.124 66.317 0.249 0.7527
-6.227 45.2 66.454 0.399 0.7075
-6.295 45.275 66.591 0.55 0.6588
-6.364 45.35 66.728 0.7 0.6073
-6.432 45.426 66.865 0.851 0.5538
-6.501 45.501 67.002 1.002 0.4994
-6.569 45.576 67.139 1.152 0.4449
-6.638 45.652 67.275 1.303 0.3915
-6.706 45.727 67.412 1.454 0.34
-6.775 45.802 67.549 1.604 0.2914
-6.843 45.877 67.686 1.755 0.2463
-6.912 45.953 67.823 1.906 0.2052
-6.98 46.028 67.96 2.056 0.1685
-7.049 46.103 68.097 2.207 0.1363
-7.117 46.179 68.234 2.357 0.1086
-7.185 46.254 68.371 2.508 0.0852
-7.254 46.329 68.508 2.659 0.0658
-7.322 46.405 68.645 2.809 0.05
# 10 uncertain rectangular obstacle
-5.337 -1.779 64.674 -1.559 0.99
-5.405 -1.704 64.811 -1.408 0.9857
-5.474 -1.629 64.948 -1.258 0.9799
-5.542 -1.554 65.084 -1.107 0.9723
-5.611 -1.478 65.221 -0.956 0.9623
-5.679 -1.403 65.358 -0.806 0.9497
-5.748 -1.328 65.495 -0.655 0.9338
-5.816 -1.252 65.632 -0.505 0.9143
-5.885 -1.177 65.769 -0.354 0.8908
-5.953 -1.102 65.906 -0.203 0.863
-6.022 -1.026 66.043 -0.053 0.8307
-6.09 -0.951 66.18 0.098 0.7939
-6.158 -0.876 66.317 0.249 0.7527
-6.227 -0.8 66.454 0.399 0.7075
-6.295 -0.725 66.591 0.55 0.6588
-6.364 -0.65 66.728 0.7 0.6073
-6.432 -0.574 66.865 0.851 0.5538
-6.501 -0.499 67.002 1.002 0.4994
-6.569 -0.424 67.139 1.152 0.4449
-6.638 -0.348 67.275 1.303 0.3915
-6.706 -0.273 67.412 1.454 0.34
-6.775 -0.198 67.549 1.604 0.2914
-6.843 -0.123 67.686 1.755 0.2463
-6.912 -0.047 67.823 1.906 0.2052
-6.98 0.028 67.96 2.056 0.1685
-7.049 0.103 68.097 2.207 0.1363
-7.117 0.179 68.234 2.357 0.1086
-7.185 0.254 68.371 2.508 0.0852
-7.254 0.329 68.508 2.659 0.0658
-7.322 0.405 68.645 2.809 0.05
# 11 uncertain rectangular obstacle
-5.337 43.221 -1.326 42.441 0.99
-5.405 43.296 -1.189 42.592 0.9857
-5.474 43.371 -1.052 42.742 0.9799
-5.542 43.446 -0.916 42.893 0.9723
-5.611 43.522 -0.779 43.044 0.9623
-5.679 43.597 -0.642 43.194 0.9497
-5.748 43.672 -0.505 43.345 0.9338
-5.816 43.748 -0.368 43.495 0.9143
-5.885 43.823 -0.231 43.646 0.8908
-5.953 43.898 -0.094 43.797 0.863
-6.022 43.974 0.043 43.947 0.8307
-6.09 44.049 0.18 44.098 0.7939
-6.158 44.124 0.317 44.249 0.7527
-6.227 44.2 0.454 44.399 0.7075
-6.295 44.275 0.591 44.55 0.6588
-6.364 44.35 0.728 44.7 0.6073
-6.432 44.426 0.865 44.851 0.5538
-6.501 44.501 1.002 45.002 0.4994
-6.569 44.576 1.139 45.152 0.4449
-6.638 44.652 1.275 45.303 0.3915
-6.706 44.727 1.412 45.454 0.34
-6.775 44.802 1.549 45.604 0.2914
-6.843 44.877 1.686 45.755 0.2463
-6.912 44.953 1.823 45.906 0.2052
-6.98 45.028 1.96 46.056 0.1685
-7.049 45.103 2.097 46.207 0.1363
-7.117 45.179 2.234 46.357 0.1086
-7.185 45.254 2.371 46.508 0.0852
-7.254 45.329 2.508 46.659 0.0658
-7.322 45.405 2.645 46.809 0.05
# 12 uncertain rectangular obstacle
60.663 43.221 -1.326 42.441 0.99
60.595 43.296 -1.189 42.592 0.9857
60.526 43.371 -1.052 42.742 0.9799
60.458 43.446 -0.916 42.893 0.9723
60.389 43.522 -0.779 43.044 0.9623
60.321 43.597 -0.642 43.194 0.9497
60.252 43.672 -0.505 43.345 0.9338
60.184 43.748 -0.368 43.495 0.9143
60.115 43.823 -0.231 43.646 0.8908
60.047 43.898 -0.094 43.797 0.863
59.978 43.974 0.043 43.947 0.8307
59.91 44.049 0.18 44.098 0.7939
59.842 44.124 0.317 44.249 0.7527
59.773 44.2 0.454 44.399 0.7075
59.705 44.275 0.591 44.55 0.6588
59.636 44.35 0.728 44.7 0.6073
59.568 44.426 0.865 44.851 0.5538
59.499 44.501 1.002 45.002 0.4994
59.431 44.576 1.139 45.152 0.4449
59.362 44.652 1.275 45.303 0.3915
59.294 44.727 1.412 45.454 0.34
59.225 44.802 1.549 45.604 0.2914
59.157 44.877 1.686 45.755 0.2463
59.088 44.953 1.823 45.906 0.2052
59.02 45.028 1.96 46.056 0.1685
58.951 45.103 2.097 46.207 0.1363
58.883 45.179 2.234 46.357 0.1086
58.815 45.254 2.371 46.508 0.0852
58.746 45.329 2.508 46.659 0.0658
58.678 45.405 2.645 46.809 0.05
